Classification report for - 
GridSearchCV(estimator=SVC(),
             param_grid=[{'C': [1, 10, 100, 1000], 'gamma': [0.001, 0.0001],
                          'kernel': ['rbf']}]):
              precision    recall  f1-score   support

           0       0.92      1.00      0.96        36
           1       0.96      0.96      0.96        48
           2       0.65      0.67      0.66        42
           3       0.95      0.93      0.94        44
           4       0.94      0.96      0.95        49
           5       0.90      0.88      0.89        41
           6       0.92      0.95      0.94        38
           7       0.98      0.91      0.94        45
           8       0.73      0.77      0.75        35
           9       0.87      0.74      0.80        35
          10       0.69      0.69      0.69        42
          11       0.93      0.97      0.95        39
          12       0.90      1.00      0.95        35
          13       0.95      1.00      0.98        40
          14       0.60      0.81      0.69        36
          15       0.57      0.79      0.66        33
          16       0.93      0.93      0.93        40
          17       0.91      0.86      0.89        37
          18       0.66      0.76      0.71        38
          19       0.98      1.00      0.99        41
          20       0.71      0.76      0.74        42
          21       0.56      0.72      0.63        32
          22       0.83      0.93      0.87        41
          23       0.73      0.76      0.74        42
          24       0.86      0.91      0.89        47
          25       0.72      0.81      0.76        48
          26       0.94      0.87      0.90        38
          27       0.94      0.91      0.93        35
          28       0.60      0.58      0.59        36
          29       0.88      0.95      0.92        40
          30       1.00      0.94      0.97        36
          31       0.85      0.94      0.89        31
          32       0.91      0.86      0.88        35
          33       0.94      0.94      0.94        34
          34       0.62      0.74      0.68        35
          35       0.78      0.91      0.84        35
          36       0.62      0.73      0.67        33
          37       0.85      0.72      0.78        47
          38       1.00      0.88      0.94        42
          39       1.00      0.97      0.98        31
          40       0.74      0.57      0.65        35
          41       0.73      0.50      0.59        38
          42       0.89      0.84      0.86        37
          43       0.97      0.86      0.91        42
          44       0.72      0.55      0.63        38
          45       0.91      0.88      0.89        33
          46       0.71      0.62      0.67        40
          47       0.62      0.45      0.53        33
          48       0.98      0.84      0.90        49
          49       0.61      0.56      0.58        36
          50       0.82      0.88      0.85        32
          51       0.76      0.62      0.68        42

    accuracy                           0.82      2009
   macro avg       0.82      0.82      0.82      2009
weighted avg       0.83      0.82      0.82      2009